--- STDOUT ---
Number of duplicate rows: 12
     Gender  Age  Hemoglobin(g/dl)  Neutrophils(%)  Lymphocytes(%)  \
251    Male   53            14.480              42              41   
255  Female   29            12.310              55              35   
335    Male   40            14.310              29              43   
336    Male   29            15.560              38              47   
337    Male   34            16.320              40              49   
338  Female   24            15.891              35              50   
344  Female   58            13.267              43              41   
357  Female   16            16.210              38              29   
388  Female   25            15.000              45              29   
394  Female   22            15.381              37              50   
399    Male   20            13.100              51              44   
520    Male   28            15.730              45              36   

     Monocytes(%)  Eosinophils(%)  RBC  HCT(%)  MCV(fl)  MCH(pg)  MCHC(g/dl)  \
251             3               2    5  43.440     97.0   29.280      30.620   
255             2               2    5  45.420     90.0   27.770      28.360   
335             3               2    5  47.000     91.0   29.562      33.430   
336             4               5    5  45.112     97.0   30.190      31.560   
337             2               2    6  46.810     88.0   31.890      32.450   
338             3               4    6  43.000     83.0   29.340      31.270   
344             2               2    6  45.360     94.0   29.540      30.153   
357             2               2    4  44.310     96.0   32.440      33.560   
388             3               5    6  44.360     87.0   29.420      30.550   
394             4               5    5  46.320     86.0   29.180      30.330   
399             4               5    5  46.310     88.0   28.190      29.750   
520             3               3    6  46.930     88.0   29.650      30.230   

     RDW-CV(%)  Total Platelet Count(/cumm)  MPV(fl)  PDW(%)  PCT(%)  \
251     13.780                        79000   10.030  14.980   0.159   
255     14.090                        84000    9.040  13.640   0.101   
335     14.320                       231000   10.310  15.000   0.100   
336     15.730                       236000   11.000  14.650   0.108   
337     16.000                       193000   10.870  15.780   0.002   
338     14.120                       179000    9.140  16.560   0.200   
344     14.780                        91000    9.231  15.040   0.020   
357     14.250                       117000   10.310  15.760   0.010   
388     15.430                       162000   10.000  14.312   0.100   
394     14.370                       195000   10.921  15.070   0.100   
399     15.671                        84000    9.020  14.300   0.100   
520     14.820                       126000   10.530  15.890   0.045   

     Total WBC count(/cumm)    Result  
251                    4500  positive  
255                    4500  positive  
335                    4500  negative  
336                    5000  negative  
337                    6500  negative  
338                    5000  negative  
344                    4700  positive  
357                    5000  positive  
388                    4500  positive  
394                    6600  negative  
399                    5700  positive  
520                    5600  positive  
After removing duplicates: (1511, 19)
